#BaysienUpdate generated automatically in Thu Oct 10 17:09:28 JST 2013
#Thu Oct 10 17:09:28 JST 2013
m=1
sigma1=1.0014651159804315
lambda1=9.147604499277625
pi_N1=0.9491239138915767
pi_DE1=0.05087608610842292
logLiklihood=-1674.5038041232008
n=1
