#BaysienUpdate generated automatically in Thu Oct 10 17:36:59 JST 2013
#Thu Oct 10 17:36:59 JST 2013
lambda1=7.311153998355309
pi_DE1=0.05490484198364481
sigma1=0.9965859363496761
a2=65.74503229967753
lowerbound=-1716.8665144571726
a1=472.6274838501613
n=1
pi_N1=0.9450951580163551
m=1
b2=473.36090177143103
b1=468.41264856201013
alpha2=55.79503229967753
alpha1=944.2049677003226
