#BaysienUpdate generated automatically in Tue Oct 15 13:08:46 JST 2013
#Tue Oct 15 13:08:46 JST 2013
lambda1=10.244778421723383
logLiklihood=-2534.230042269392
pi_DE1=0.046027773368248544
sigma1=0.9954606409931266
offset3=200.0
offset2=100.0
offset1=0.0
n=1
pi_N1=0.9539722266317516
m=1
omega3=0.09151858574654309
omega2=0.2928636992608236
L=3
omega1=0.6156177149926321
