#BaysienUpdate generated automatically in Tue Oct 15 13:09:51 JST 2013
#Tue Oct 15 13:09:51 JST 2013
lowerbound=-2548.1402570141263
lambda1=9.072036792841228
p3=93.5326860016927
p2=295.46685995538036
p1=620.0004540429268
b2=521.9377939187281
b1=469.2083825928237
L=3
sigma1=0.9936404536431874
alpha2=50.532592276366294
offset3=200.0
alpha1=958.4674077236335
n=1
offset2=100.0
m=1
offset1=0.0
pi_DE1=0.04918827435587518
pi_N1=0.9508117256441249
omega3=0.09198080119452555
omega2=0.29271059637711766
omega1=0.6153086024283567
a2=58.532592276366294
a1=476.23370386181676
